final_tract_variables <- c("DP02_0071","DP02_0073","DP02_0075","DP02_0077",
                           "DP02_0072","DP02_0074","DP02_0076","DP02_0078",
                           "DP03_0019","DP03_0020","DP03_0021","DP03_0022","DP03_0023","DP03_0024", "DP03_0025", 
                           "DP03_0026","DP03_0027","DP03_0028","DP03_0029","DP03_0030","DP03_0031", 
                           "DP03_0032","DP03_0033","DP03_0034","DP03_0035","DP03_0036","DP03_0037","DP03_0038","DP03_0039","DP03_0040",
                           "DP03_0041","DP03_0042","DP03_0043","DP03_0044","DP03_0045","DP03_0062",
                           "DP04_0006","DP04_0007","DP04_0008","DP04_0009","DP04_0010","DP04_0011","DP04_0012","DP04_0013","DP04_0014",
                           "DP04_0058","DP04_0089","DP04_0134",
                           "DP05_0018","DP05_0064","DP05_0065","DP05_0066","DP05_0067","DP05_0068","DP05_0069")